>transcript_4-6:ppan
0	48	18049	18097
48	456	90018	90426
456	915	132737	133196
915	1353	203311	203749

>transcript_4-4:ppan
0	459	132281	132740

>transcript_4-5:ppan
0	408	89970	90378
408	1053	137472	138117
1053	1665	163518	164130
1665	1878	176875	177088
1878	2316	204274	204712

>transcript_4-2:ppan
0	24	111533	111557
24	672	137088	137736

>transcript_4-3:ppan
0	486	0	486
486	534	18535	18583
534	726	19711	19903
726	804	43107	43185
804	1161	63439	63796
1161	1569	91131	91539
1569	1701	101368	101500
1701	1725	113234	113258
1725	2373	138789	139437
2373	2418	145491	145536
2418	3033	164883	165498
3033	3246	178243	178456
3246	3444	190953	191151
3444	3882	205840	206278

>transcript_4-0:ppan
0	486	0	486
486	534	18535	18583
534	612	42915	42993
612	969	63247	63604
969	1377	90939	91347
1377	1509	101176	101308
1509	1533	113042	113066
1533	1578	144651	144696
1578	2016	203974	204412

>transcript_4-1:ppan
0	48	18049	18097
48	240	19225	19417
240	597	62875	63232
597	1005	90567	90975
1005	1137	100804	100936
1137	1161	112670	112694
1161	1620	133442	133901
1620	2268	138684	139332
2268	2313	145386	145431
2313	2928	164778	165393
2928	3126	190635	190833
3126	3564	205522	205960

>transcript_5-7:ptro
0	192	40362	40554
192	216	169620	169644
216	654	310005	310443

>transcript_5-8:ptro
0	357	112400	112757
357	381	169785	169809
381	594	265380	265593
594	792	310008	310206

>transcript_5-9:ptro
0	483	0	483
483	531	3046	3094
531	723	40893	41085
723	801	82670	82748
801	1158	113201	113558
1158	1566	116208	116616
1566	1698	150738	150870
1698	1722	171126	171150
1722	2367	203473	204118
2367	2979	257797	258409
2979	3192	267978	268191
3192	3390	312606	312804
3390	3828	313179	313617

>transcript_5-4:ptro
0	459	189326	189785

>transcript_5-5:ptro
0	408	115050	115458
408	1053	202159	202804
1053	1665	256483	257095
1665	1878	266664	266877
1878	2316	311667	312105

>transcript_5-2:ptro
0	24	169428	169452
24	672	201775	202423

>transcript_5-3:ptro
0	486	0	486
486	534	3049	3097
534	726	40896	41088
726	804	82673	82751
804	1161	113204	113561
1161	1569	116211	116619
1569	1701	150741	150873
1701	1725	171129	171153
1725	2373	203476	204124
2373	2418	236879	236924
2418	3033	257848	258463
3033	3246	268032	268245
3246	3444	312660	312858
3444	3882	313233	313671

>transcript_5-0:ptro
0	486	0	486
486	534	3049	3097
534	612	82481	82559
612	969	113012	113369
969	1377	116019	116427
1377	1509	150549	150681
1509	1533	170937	170961
1533	1578	236039	236084
1578	2016	311367	311805

>transcript_5-1:ptro
0	48	2563	2611
48	240	40410	40602
240	597	112640	112997
597	1005	115647	116055
1005	1137	150177	150309
1137	1161	170565	170589
1161	1620	190487	190946
1620	2268	203371	204019
2268	2313	236774	236819
2313	2928	257743	258358
2928	3126	312342	312540
3126	3564	312915	313353

>transcript_6-10:hsap
0	483	0	483
483	531	40956	41004
531	723	45965	46157
723	801	51479	51557
801	1155	64018	64372
1155	1560	82709	83114
1560	1692	83414	83546
1692	1716	100867	100891
1716	2172	102910	103366
2172	2385	133782	133995
2385	2583	173397	173595
2583	3018	177689	178124

>transcript_6-11:hsap
0	483	0	483
483	531	40956	41004
531	723	45965	46157
723	801	51479	51557
801	1155	64018	64372
1155	1560	82709	83114
1560	1584	100735	100759
1584	2040	102778	103234
2040	2682	105334	105976
2682	2727	110826	110871
2727	3336	117568	118177
3336	3549	134946	135159
3549	3747	174561	174759
3747	4182	178853	179288

>transcript_6-12:hsap
0	405	81554	81959
405	1047	103699	104341

>transcript_6-2:hsap
0	24	99175	99199
24	672	103318	103966

>transcript_6-3:hsap
0	486	0	486
486	534	40959	41007
534	726	45968	46160
726	804	51482	51560
804	1161	64021	64378
1161	1569	82715	83123
1569	1701	83423	83555
1701	1725	100876	100900
1725	2373	105019	105667
2373	2418	110517	110562
2418	3033	117259	117874
3033	3246	134643	134856
3246	3444	174258	174456
3444	3882	178550	178988

>transcript_6-0:hsap
0	486	0	486
486	534	40959	41007
534	612	51290	51368
612	969	63829	64186
969	1377	82523	82931
1377	1509	83231	83363
1509	1533	100684	100708
1533	1578	109677	109722
1578	2016	176684	177122

>transcript_6-1:hsap
0	48	40473	40521
48	240	45482	45674
240	597	63457	63814
597	1005	82151	82559
1005	1137	82859	82991
1137	1161	100312	100336
1161	1620	102355	102814
1620	2268	104914	105562
2268	2313	110412	110457
2313	2928	117154	117769
2928	3126	173940	174138
3126	3564	178232	178670

>transcript_7-13:ggor
0	480	0	480
480	834	60490	60844
834	858	125106	125130
858	903	167857	167902
903	1512	183701	184310
1512	1725	186838	187051

>transcript_7-14:ggor
0	78	44801	44879
78	432	60088	60442
432	888	127753	128209
888	1530	157758	158400

>transcript_7-15:ggor
0	480	0	480
480	528	7784	7832
528	606	45329	45407
606	1011	111498	111903
1011	1143	117180	117312
1143	1167	125415	125439
1167	1623	128488	128944
1623	2265	158493	159135
2265	2310	169264	169309
2310	2919	185108	185717
2919	3132	188245	188458
3132	3330	200600	200798
3330	3765	203728	204163

>transcript_7-0:ggor
0	486	0	486
486	534	7790	7838
534	612	45335	45413
612	969	60622	60979
969	1377	111861	112269
1377	1509	117546	117678
1509	1533	125781	125805
1533	1578	168532	168577
1578	2016	201976	202414

>transcript_7-1:ggor
0	48	7304	7352
48	240	29400	29592
240	597	60250	60607
597	1005	111489	111897
1005	1137	117174	117306
1137	1161	125409	125433
1161	1620	128482	128941
1620	2268	158490	159138
2268	2313	169267	169312
2313	2928	185111	185726
2928	3126	200396	200594
3126	3564	203524	203962

>transcript_8-16:pabe
0	48	6984	7032
48	126	28789	28867
126	528	63803	64205
528	657	78543	78672
657	1110	96543	96996
1110	1749	117293	117932
1749	1794	135071	135116
1794	2226	246793	247225

>transcript_8-17:pabe
0	48	6984	7032
48	687	116231	116870
687	897	168204	168414
897	1092	208832	209027

>transcript_8-18:pabe
0	48	6984	7032
48	399	50837	51188
399	801	64076	64478
801	930	78816	78945
930	954	90570	90594
954	1407	96840	97293
1407	2046	117590	118229
2046	2652	138082	138688
2652	2847	210587	210782

